,Glyoxylic acid,Glycolamide,glycine,Trimethylamine N-oxide,Glycocholic acid,Glycolic acid,Cysteamine,pyruvate,lactate,citrate/isocitrate,Glucose,aspartate,malate,glutamate,Linoleic acid,Docosahexaenoic acid(DHA),Taurodeoxycholic acid
aspartate m+00,0.9267181615102553,10.138423156916044,0.8811451284181263,0.6714738071712661,10.0237115590906,9.682439859149964,8.394571930381316,3.596971844755921,0.8211524645698453,1.3678427472947552,6.51048230193279,21.280777819179903,7.634938135171206,32.8049021836192,1.5096382570224078,0.07392876850551942,2.9063690220897977
aspartate m+04,3.128089525052884,8.94500690099272,0.23582466680575656,2.4915560105639942,10.436518244280691,5.247004857486093,2.67196200949016,3.883422374550779,1.1638635200622793,6.745153697990291,6.294516432308334,46.26024014822203,22.240791651319334,19.36309947177043,4.230364134582525,7.508832015411345,4.9105539345244456
malate m+00,1.9500277809036903,3.1181410482076277,0.22145110287332015,0.921909607735925,13.227025050722094,1.340666483598281,3.0791466389467854,1.1801443963256875,2.2310879856050123,1.6895119458311527,5.3435585046621235,12.161237760088738,3.844148650427433,27.62649306174883,3.061398581393635,1.1060750688893997,1.0256893867052426
malate m+04,2.0581565148263192,1.1461769928378445,4.554043598528464,3.7780851412408087,5.749016307087514,5.465889839149562,11.649029002811476,0.5998788118386007,1.424814426610506,3.3541217848699505,7.933896811628071,4.520546305978166,119.21005355801512,7.0772288666887695,4.774376620414229,12.5868911532253,10.275928851761929
glutamate m+00,3.8500981516115917,7.726027306726317,1.3477798031448136,0.34538919404042806,14.273152744905254,12.818257105731746,13.357944405622092,2.1610773034922706,1.0448730264451287,10.325844994064184,19.25625562333301,17.425103947308088,16.39259136725539,37.405842590070314,0.9938139407765042,5.213900537035232,4.260224782516819
glutamate m+03,3.8396449942882027,1.7156517651470669,1.1042280206567285,0.7068158164787555,9.935520139890262,5.479754300282766,3.7611756113252826,2.7337775622273783,0.922399541343217,6.649515997072379,10.382294403868901,12.610129490641102,6.976520155540647,23.43165103473634,0.647509936654605,5.307202051191254,0.7369833155965221
glutamate m+04,1.8106730076186113,1.7391086399412852,0.5575827201226963,1.468803363563162,4.978631860799527,0.47740600938814104,5.379921656897329,2.4086644175719565,2.13142426779011,4.79435328809606,4.9447587775184605,5.957813789146203,14.75105808625854,28.77936170858204,0.5905488879571789,9.470755066316118,0.2878085204597191
glutamate m+05,4.866012398480101,9.695978126648518,3.3232189953612727,2.4592625251898648,15.242819584298793,0.452555133650659,0.36709626962433983,3.795133176107668,0.4385174294503599,5.595634142806314,1.5278507801201764,7.547352474037821,29.37942711207805,21.095716077048948,0.6465022613198214,11.812500545716318,5.803244419102236
N-acetyl-glutamate m+00,2.1676990600987462,8.859224428301864,4.153926043524213,1.3334719858223743,18.83413747437857,10.303174422627599,4.667979419369914,2.6760396619736997,1.2850113750075847,5.556335925418388,8.264613025894151,11.229787035132441,7.581227132040534,10.839522877001814,0.38297755260651445,12.669106574132453,10.732425749054341
N-acetyl-glutamate m+06,3.841037522055972,2.3659366522515466,4.734086736693241,0.6240789373086192,11.189802074233821,3.999164770965416,17.949868304708353,2.927206924168016,1.0305682028692082,6.801841145158542,22.948536782743577,3.271518122853237,11.372741773717165,9.289685664975812,0.4260206407736634,13.91445045454239,9.671733748370611
citrate/isocitrate m+00,0.4990232980486786,14.326133685335616,0.4886163987710011,1.6297364032101507,14.506436653083695,15.272575937071238,7.1845460140397615,5.454257157741402,3.0644629295197756,1.6024948378984218,13.05809417704824,11.997319313069049,12.84261436857068,32.009079349964246,1.5632191569079303,3.459231400583121,0.9515415088323851
citrate/isocitrate m+03,0.05447218530518577,5.12700151351231,0.3162398305419294,1.7930745397846615,15.244192580607994,9.390338285062805,3.7965457849065496,3.0447853392602737,1.7739426627936268,1.599939609847302,10.506466497937048,14.771144450314525,4.9510968965466855,17.992482533415316,0.7072599437788304,1.3406249134984851,1.4282878103278212
citrate/isocitrate m+04,0.8952182886030701,1.9673335636715865,0.37486848363925135,0.9807303510938676,4.498470490771726,0.45035507941975794,0.0052916368797426,4.7945852119543515,2.688756929992457,39.19777276345773,3.271806759234803,4.532279629041269,8.989064084738931,13.614236241455504,3.5407006121972993,4.983917894394941,0.8079060459219737
citrate/isocitrate m+05,2.421664770566503,16.516152717847095,4.539746518284518,2.686393834580508,24.135502673250617,10.68690548688118,6.3111206547868735,5.200316620672822,5.367468419191778,113.35085163105786,1.9407589094411124,17.798272092628064,7.53061054464462,37.61122707908079,3.088595863046867,12.647651189749975,15.804752152169936
citrate/isocitrate m+06,0.8723725654814208,8.510657934394056,1.653511595766268,3.7545616974181435,9.951211858798219,3.6643427433771665,6.535425194767729,6.168152040633946,2.17659687340993,75.6364442155679,0.2292149521946387,4.848121980799086,6.511438583902491,8.742946616573771,4.861935619274881,9.502469365516024,6.484032943246854
glucose-1-phosphate m+00,0.9119391450206027,3.756385039640178,3.6135736864410912,2.5525740532553627,13.614050309853166,1.8014167406957893,21.86418333680913,0.7229452297391255,1.7475038350945566,8.088520391181257,2.300231814211733,9.40164226909889,12.698000724832566,16.049147818752193,2.547406666388888,3.483955974860614,3.9549121895062
glucose-1-phosphate m+02,0.6369884784584482,4.271159565144132,2.7671445055111445,2.5706055659448968,25.569717931692796,0.845377001052971,16.07451096945726,1.7068595327286447,0.10842292993959754,7.9672609545002055,2.750447176003697,7.305322601914031,11.249107811799915,9.995887546729003,0.05227233200216574,7.214049556596512,1.438457111906327
glucose-1-phosphate m+03,1.891233164302366,3.3010457725425253,5.803609282775453,3.4615807220453583,26.580397516806173,3.9232828038883247,22.394937589412052,0.4447331857101901,1.5557661778177427,8.27350258463066,2.3222016491843465,9.459827871725622,9.830721598055144,19.624498954037293,1.5012798064834056,10.943892884394609,0.962346739136756
glucose-1-phosphate m+04,5.155130456356743,2.152359469135981,4.167175448811626,2.110487154957266,39.838221752489225,3.05827560721985,27.743569884280777,4.225117418933112,2.305608014493874,21.848129379075065,12.95190769279368,15.707658632319188,33.5055790605131,47.02378053944481,2.039169949037934,14.560553575563812,5.342140382144875
glucose-1-phosphate m+05,4.106303554926203,0.9170545461997228,3.9990081540745006,2.548152650748479,41.28283227402129,1.2498350929946198,29.355232299420006,5.3913604423731485,2.9490361014261626,21.560757819328582,12.269689834124753,14.321508051275627,31.61344539713694,26.429502786934073,1.9387572800977204,15.63417067067312,0.6845910520430079
glucose-1-phosphate m+06,2.8198521877405796,1.6014184711134547,3.292764227359315,0.6341512895033652,25.43812474381281,6.937837751890384,24.273968749538383,1.0554377646041369,0.5497095099966558,10.528690618096478,0.30099742502912374,2.3817416007584775,10.266893191361113,0.04883804793938248,2.962819001410617,10.705355875398551,2.920776278333505
