Glyoxylic acid
[[0.92671816 3.12808953 1.95002778 2.05815651 3.85009815 3.83964499
  1.81067301 4.8660124  2.16769906 3.84103752 0.4990233  0.05447219
  0.89521829 2.42166477 0.87237257 0.91193915 0.63698848 1.89123316
  5.15513046 4.10630355 2.81985219]][[ 0.67606365  1.6970421  -0.38495369 ... -0.07107085  0.04358428
   1.07725301]
 [ 1.16958913  0.57466773  0.2365519  ...  1.78542429 -0.0428313
  -0.31517446]
 [-0.40015621 -3.13692973 -0.20179565 ... -1.45888288 -2.1983606
  -1.55290047]
 ...
 [-0.12184076 -1.6389765  -2.24696598 ...  1.90753202  0.00602733
  -1.22682588]
 [-0.24202974 -0.72910575  0.02520817 ...  0.60551713  1.11302198
   0.50665813]
 [-0.33491935 -0.21443209 -1.10461318 ... -1.9054234   0.68755991
  -1.68387475]][1.6970421  1.78542429 1.66098512 1.03733917 1.27532867 1.53756785
 1.8266618  2.01849667 1.22483762 2.98429457 1.46458542 3.01391269
 2.27654741 2.23816148 1.36627931 1.83712546 2.21611705 2.04484536
 1.28847992 1.45417272 1.62696821 2.27209819 1.68858068 2.31570083
 2.15894977 1.00272641 2.16080291 1.67734983 1.51200533 2.1361737
 1.90417154 1.22457297 1.85077488 2.21854511 2.41532591 1.59070649
 1.20441888 2.33147461 1.67070036 2.04960437 1.78248363 1.3275081
 1.34057866 2.20061289 1.88359176 1.84028604 1.11760364 2.36343233
 1.86509084 1.86604009 1.49901549 2.00666978 2.43079274 1.78762065
 1.0785042  2.26290621 1.55244561 1.83162248 2.49086744 1.16247799
 2.34589721 1.99612937 1.65156209 1.72893012 1.97048508 1.45026736
 1.33921405 2.89432962 2.47109412 1.62968847 2.63798905 1.68494379
 1.23794161 1.75323601 2.10026015 2.59816199 1.64844758 1.97264251
 1.65199004 2.86927403 2.23660623 1.48859345 2.70005186 1.30553817
 1.44294785 2.50679905 2.506488   2.11822286 1.75797759 2.77295073
 1.41341118 1.65527047 1.68040524 1.87699027 1.93250268 2.01840525
 2.08771245 2.64828676 1.30140568 1.88980474 2.86476067 1.72735925
 2.76902238 2.15837714 1.85943475 1.59142238 1.31234455 2.28684939
 2.81406246 1.34817174 1.59052652 2.16490299 2.76780678 2.27674295
 1.82060412 3.04457872 1.49179191 3.06940958 1.99143783 2.01730549
 1.61640455 1.73790691 2.62304718 2.46736566 1.46800359 2.19690968
 1.89519472 2.01559771 2.23557416 1.59865624 1.13150544 2.19948565
 2.63087091 2.58770287 2.36338122 2.43624725 1.88537164 1.87785029
 2.21025837 1.8248122  1.70480756 0.87822082 1.8637045  1.97231595
 2.06592331 1.41568047 2.96914664 2.67538746 1.95756757 2.20164466
 1.55882645 1.30735678 1.85860221 2.26942565 2.02785585 1.63154734
 1.85617515 2.28713468 1.42599931 1.09656985 1.7549898  3.30809685
 1.19251252 1.87364421 1.43272442 1.54283852 1.90275247 1.52050743
 2.0291524  1.67348811 2.03882627 2.69328225 2.09834185 2.18522364
 2.25839735 1.85262373 1.73141724 1.79625425 1.35899824 1.50075921
 3.48180326 2.68833315 2.46381325 1.81020928 2.48932403 1.4208096
 2.01822618 2.61923851 1.3573766  2.1937073  2.01335131 2.09408019
 1.59296355 3.29408484 1.73003847 1.91750508 2.15997041 1.73770556
 1.67788481 3.37462677 1.56274605 2.49397789 1.56461359 2.83135699
 1.9010207  2.06748617 0.69617133 1.19006895 2.73114068 2.9448294
 2.87795286 2.07079021 1.34013421 1.03789258 1.67850943 1.07910732
 1.93527575 2.40052414 1.50860514 1.8005602  2.53526237 2.02429299
 1.86885245 2.26219427 1.41265434 2.26599507 1.19037258 1.98280249
 1.60393418 2.26972689 2.15671132 1.31746097 1.91636853 1.56423943
 1.6623257  1.3326971  1.18592978 1.81809027 1.49036507 1.35060448
 1.88990545 1.99836761 1.54888218 2.72607844 2.46702746 1.98330209
 1.8628298  2.20408816 1.8467054  1.44309737 2.28433762 2.44952929
 1.63214982 1.66402006 2.07293283 2.26451529 1.25193442 1.59712392
 1.11753674 1.3023349  1.34548467 2.7371978  2.42617624 1.57161362
 1.6752737  2.73151541 1.63598748 2.58245928 1.85646333 2.06363139
 2.05121122 2.36323489 1.17125937 1.45193919 1.7841362  1.45045407
 1.41285918 1.39206967 1.80897962 2.08865829 1.49927428 1.39763601
 1.41914025 1.14997043 2.30870056 1.9846392  1.37559284 1.17037185
 1.21323534 1.47483728 3.24830915 1.00361864 1.62056439 2.00692908
 1.25714336 1.50724495 1.5986789  1.5900083  2.59601381 1.9493878
 1.6101695  2.58674219 1.64841119 2.45338382 1.93155455 1.10807974
 2.05991306 2.1397719  1.99923546 1.89403382 1.32094597 1.19322704
 2.51000225 1.0948658  1.37128804 1.32798867 2.49675766 1.66740248
 1.64606368 1.87332185 1.5987176  1.31456285 1.89589523 1.81948923
 1.60757315 1.72796473 1.44141659 1.18270692 2.10242619 1.56619467
 2.03357365 1.53982923 1.56693868 2.098671   1.84881792 2.53787316
 1.09778669 2.11847351 1.41751197 2.85345051 1.28986221 1.93689689
 1.68660205 1.4133682  1.62216752 1.29229709 1.47462062 2.23164769
 2.12193481 1.68181815 2.18809199 1.32750859 2.16405043 2.40797559
 1.79904996 1.90111497 2.15058413 1.77127235 1.44173121 1.43387144
 3.21369485 1.50284233 3.05237886 2.53598548 2.09062775 1.74994645
 2.02874234 1.02924657 2.55300897 2.78404358 2.18074623 1.33304222
 1.67014073 2.06027519 2.90272946 1.71785543 2.25025749 2.35227856
 1.90946575 2.85926762 1.78253082 1.99917001 1.98653782 1.69766059
 2.03312748 2.16764638 2.0275546  2.30389179 2.66477812 2.31344673
 1.93744548 1.81652016 2.06130221 1.73141171 1.39607562 2.12352307
 2.11911935 1.61417176 1.95677102 1.64434553 2.37863702 1.305334
 1.94742478 3.09988355 2.19704123 1.68162788 2.2061583  1.75340203
 2.08941945 2.27470792 2.25313368 1.52926498 1.3216845  2.2878989
 2.42544961 1.6042897  2.36090299 1.3906804  2.17717234 2.63430924
 2.31039402 2.84807967 2.00057636 0.84305402 1.52693049 2.25300898
 1.92675844 1.83839973 2.0212987  0.88407666 2.08448707 1.85668123
 2.02375506 1.53046353 1.15770314 1.59291055 2.19141591 1.62392614
 1.15210815 2.42886038 1.27805511 1.48257769 2.3659387  2.01424358
 2.67478027 1.22525237 2.01729368 2.08948939 4.01849771 1.83126351
 1.57385099 1.34037643 2.09690411 1.54818294 2.94727752 1.14365238
 1.60318254 2.2779352  1.17665784 1.9475455  1.74871264 1.28573991
 1.14287435 3.2268264  1.25594724 1.8163344  0.79536648 2.11427284
 1.58137594 2.3250875  1.78065156 1.63704628 1.79959227 2.12175731
 1.97890623 1.5147282  1.75454061 1.28384237 1.99604363 2.02922484
 2.36938441 2.70573432 1.17278637 1.89600783 2.1173609  1.45994418
 0.92990034 2.61035612 1.73577586 1.91171852 3.03130163 0.90019762
 2.53792617 2.75424402 1.80351614 2.75354339 1.45087733 2.10920854
 2.92816267 2.01430918 2.00973128 1.05223429 1.72487215 1.35033696
 2.18453445 1.72498063 1.19097585 1.49834213 1.56099734 1.41001275
 2.37646326 1.47987236 1.56238241 2.06996594 1.78870636 2.18573925
 2.47725948 1.5459573  1.92465183 2.38614835 1.39202517 2.02523975
 2.03107231 1.89004786 1.16284079 1.51432254 1.77804288 1.86758332
 1.93630597 1.30134045 1.52979993 2.06970996 2.56653304 2.34227281
 2.50244982 1.27828148 2.12831614 1.92339974 2.0203306  1.26662558
 1.60131989 1.4940352  1.38539616 2.33899939 1.3114371  2.40358272
 3.05006762 1.29055139 2.02973737 1.27318557 2.49238014 2.12365477
 1.86034322 1.33979707 1.75758364 2.20186823 1.38921066 2.22712925
 1.80692109 2.24403752 1.98277897 1.36243744 1.90990688 1.72205246
 1.34932826 2.70677301 2.81786612 2.81677471 3.29224109 2.36214085
 1.4295262  2.20350342 1.78477155 2.6563037  2.18490797 1.49557684
 1.82564691 1.76474496 2.0875039  1.78617917 1.37487329 2.03059258
 2.3439047  2.55056639 1.77929367 1.15077593 0.78855314 1.62379209
 1.81348965 1.83324003 2.26005884 3.32871238 1.48951746 1.30257661
 1.52405068 1.48718489 1.57316992 2.1916075  2.18379263 1.21741375
 1.44018129 1.91942637 1.44167967 1.87345149 1.9970199  1.62092278
 2.05900152 1.69904545 1.83395377 1.55150581 1.84179072 1.65142113
 2.1638767  1.58277544 1.7552746  2.17417658 1.56591189 2.10385887
 3.3556564  1.23106594 1.46353559 1.32927246 1.01348933 0.91720145
 1.48522237 1.3908174  2.12070173 1.64301989 1.53560234 1.92167818
 2.07841556 1.44438854 2.65295696 0.80779005 1.74086897 0.98510791
 1.91025506 2.82160663 2.42342523 1.74962662 2.73242473 1.66342538
 1.86231601 1.16370196 1.9989962  2.5184633  1.991967   2.0117277
 1.69507091 2.18932867 1.56532139 1.64512645 2.42790506 1.18270052
 1.38841279 1.50053309 2.13498971 2.18981965 1.63610182 2.20165899
 1.34622801 1.21911806 2.51598714 2.33974288 1.43097672 1.71490462
 2.00589902 1.93048437 0.84184953 1.69103322 2.29112246 1.88178739
 1.11962375 2.51645887 1.58866997 2.14789162 1.83714451 1.77356713
 1.77834903 2.47707161 2.44805202 2.50151509 2.14119182 1.57515166
 1.10931886 1.82720607 1.47206027 2.72112917 2.35738547 1.16199489
 1.72247309 2.15409015 1.8119147  2.47747759 2.19128863 2.17376907
 1.39751407 2.5096435  1.24012832 2.3814332  3.01948937 1.78955284
 2.51764121 1.44407831 1.62357925 2.32088127 1.30426583 1.64418101
 2.45874866 2.15885001 1.48335746 1.01799374 2.40201018 1.03640138
 2.48121138 1.54185204 1.69688133 1.46749115 2.18930516 2.21078258
 1.71993068 1.41933347 1.65158365 0.73156629 1.3681309  2.31481767
 1.60720884 1.88358277 2.1450224  1.6244487  1.60319534 1.63859974
 1.92411942 1.81258339 1.81778861 2.48863126 1.28999877 1.68762029
 2.38632186 2.30295078 1.58396365 1.68428407 1.99966536 2.40670917
 2.1572652  1.34439829 2.06004783 3.57546812 1.56747169 1.94886757
 3.43874804 2.04092586 2.71858092 1.7930831  1.88503055 1.17120368
 2.34196943 1.89957071 1.61485038 1.36356994 1.33044282 1.46770584
 1.67394724 1.3826588  1.53843997 1.48973235 2.52533812 1.75231449
 1.68790421 1.91843418 0.95743114 1.54064008 1.71468192 3.35047864
 1.80264662 1.14878305 1.90004552 1.52296544 2.83602274 1.18667316
 1.76161536 1.49574329 1.4602464  1.50190606 2.9141095  2.59832863
 1.66034185 1.30250376 1.34624671 2.71885337 1.42067174 2.27471609
 1.95148118 1.89931364 1.26856896 2.28902626 3.13292686 2.91474008
 1.18001208 2.79260363 2.24735851 1.8421087  1.98523681 1.96664067
 1.79377868 1.47886627 1.71620729 1.72181378 2.23687428 2.36793808
 1.56405695 1.5814762  2.75401899 1.81454849 1.45135734 4.45811559
 1.19858177 1.72895763 1.28991351 1.64148994 2.5598205  2.34033521
 1.5919303  1.31063463 1.72858686 2.37468043 2.40590461 1.61064268
 1.90151499 2.24065557 1.60163344 2.59404761 2.12691579 1.64921178
 2.79046609 2.04343327 2.05413196 1.77503737 2.33801708 1.90277683
 2.39265706 1.053716   1.17968662 1.97733339 2.51022616 1.91863174
 1.92388329 1.9081414  1.71816004 2.04375184 2.00890858 2.15004502
 1.92707739 2.440562   2.2352893  2.38273614 2.1113142  1.89874442
 2.4941326  2.1053906  1.8485185  1.76785984 1.90205537 1.68461981
 1.49457792 1.89561551 1.48971377 1.66433837 2.30530511 1.54764632
 1.11697624 2.19968965 1.91386084 1.58217322 1.21398528 1.97052548
 2.14185771 1.84812271 2.45045708 2.86836999 2.45479718 2.01302063
 2.13112622 2.02571473 1.74350081 1.93649273 1.53909917 2.39465684
 2.38309281 1.91892577 2.05359367 1.73840713 1.69339604 2.00935156
 1.93693167 1.38329936 2.77407775 1.88418788 1.57336542 1.59405302
 1.66033895 2.35839632 1.93198781 1.81225139 2.14223133 2.05608178
 1.61163479 1.39821955 0.87422872 2.20421774 2.29310018 1.46923928
 1.65830998 2.69326678 1.42364115 1.98312931 1.68925769 1.80494862
 1.68744646 2.35926237 0.78872014 2.4796377  1.56908687 2.06045446
 1.34135949 2.09891739 1.23908833 1.09661327 1.5660164  1.50904958
 1.04345713 1.11559047 1.81855025 1.80637112 1.23112076 2.32524881
 2.03642132 2.60804855 1.92439494 2.18269759 2.13316628 2.29497718
 1.11238833 1.36540802 1.72429788 1.60680844 2.32058894 2.34105946
 1.4976478  1.21800325 2.37106618 1.21484634 2.87962566 2.09983154
 1.32143112 1.48769746 1.10289708 0.98075247 2.41434591 1.53053939
 2.12996404 1.2725932  1.87670073 2.06469826 2.57405974 1.67505454
 1.60066443 2.10090074 2.43839819 1.59266209 1.23613244 1.73302543
 2.70083968 1.91877507 1.1587824  1.6126481  1.6663632  1.92665867
 2.22472556 2.23769039 2.3021831  2.30471021 0.94649694 1.7926965
 2.29666216 1.47621087 1.43394397 1.06345962 1.83926327 1.37013049
 1.3940137  2.51050995 2.73953758 3.00422238 2.72547764 2.89158998
 1.6068654  1.90753202 2.48125387 1.79499824]5.1551304563567439.619827157081318e-11Glycolamide
[[10.13842316  8.9450069   3.11814105  1.14617699  7.72602731  1.71565177
   1.73910864  9.69597813  8.85922443  2.36593665 14.32613369  5.12700151
   1.96733356 16.51615272  8.51065793  3.75638504  4.27115957  3.30104577
   2.15235947  0.91705455  1.60141847]][[-4.47215868e-01  1.01152514e+00 -1.55457339e-01 ...  5.63262245e-01
  -2.04762482e+00 -2.50212936e-01]
 [ 6.11522827e-01 -1.17579914e+00  8.89931815e-01 ...  2.93574270e-01
  -1.27605625e+00  1.45010775e+00]
 [ 9.81475263e-01 -1.10476116e+00  2.71898050e-01 ... -3.30029637e-01
   3.13863049e-01 -1.39951170e+00]
 ...
 [-7.24815024e-01  4.83871642e-01 -1.02676210e+00 ...  4.73863495e-04
   6.46100605e-01 -4.64503595e-01]
 [-2.26372518e-01  1.40063048e+00  1.46061426e-01 ... -4.04910303e-01
   8.98351653e-02 -4.74440238e-01]
 [-1.02546737e-01  3.40297552e-01 -5.95069849e-02 ... -1.19980805e+00
   6.27674269e-02 -3.19533484e-01]][1.31129712 2.10180477 0.98147526 2.63832147 2.63933462 1.50766033
 2.10165169 2.33118761 2.42824434 2.44513137 1.64812838 1.81213573
 1.66621627 1.51735655 1.81131144 1.72974763 3.37553253 1.55605784
 1.75235865 2.19486984 2.03012468 1.29534711 1.89970603 2.60829116
 2.67182586 2.45652998 2.03460425 3.2366347  1.61448935 1.86323323
 1.44684027 2.3914227  1.60892744 1.25888303 2.31728143 1.39346062
 1.52023853 1.27903403 1.5991491  1.8482081  1.56428273 1.92578911
 2.20348734 2.94974143 2.20450553 1.99187511 1.78339108 1.34260812
 1.8245318  1.74935873 1.36768923 2.49688312 1.68919086 2.07894846
 2.30008113 1.87691301 2.07309143 1.84197161 1.77746409 1.30716664
 2.12861946 1.91698208 0.93469583 2.02045506 1.60786238 1.30064901
 1.58565951 1.70264051 0.81314678 0.9199902  1.74341504 0.93302082
 1.36603533 2.57445025 1.17768701 1.84592109 2.1921478  2.37606005
 1.39924025 2.9396858  2.27380324 2.24310451 3.52485294 2.39055741
 2.16655866 1.05641631 1.28233096 1.36216612 2.7173171  1.75537544
 2.66462258 2.56792017 2.33822154 2.01413312 1.46727759 1.75582911
 1.27000376 1.64713485 2.39524828 1.88331767 1.4337043  1.70766439
 2.21654838 1.74409239 1.54776914 2.3173885  2.67034613 1.63859646
 1.54796471 1.59755689 1.43503295 1.25672887 0.79548007 1.8705686
 1.7979411  2.02445152 2.61285937 2.1680175  1.69964208 1.7512594
 1.7105488  2.28620779 1.15584626 1.80430952 1.76291094 2.73367748
 2.40038347 2.23333065 1.61362033 3.27513635 2.00712466 1.33883069
 2.78879734 2.13695434 1.27546022 2.52957524 1.56520605 2.12777964
 2.157301   1.9020512  2.19076355 2.08418088 2.22659008 1.76279554
 1.64799781 1.17196366 1.73977414 1.54352417 0.9017647  2.17011038
 2.68841602 3.14187993 1.4986006  0.95684264 2.35449683 2.77944429
 1.68007146 1.80419336 3.10245915 1.67380835 2.83420728 1.14410414
 1.48503507 2.39442133 1.42777762 1.15297708 1.17726565 1.67774484
 1.76100415 1.7066165  1.89265079 3.30546353 2.436477   2.16033704
 2.74256052 1.96930455 2.53052334 2.21228014 2.01448994 2.44349944
 1.00091839 1.49576238 1.51591213 1.65034211 2.02649153 2.66758644
 1.60669602 1.65313392 1.47769607 2.22027519 1.34665283 1.14793431
 1.95681936 3.04808078 1.55212006 1.91799936 2.33791909 1.62420483
 2.77515351 1.71618225 1.71000164 2.26550417 1.99900282 2.49335316
 1.47117408 2.16049209 2.26168449 3.16567824 2.0889102  2.5588698
 1.66309195 2.40921721 1.91430345 1.12324238 1.98882598 1.30328255
 1.78652536 1.70158705 2.09537362 1.74604602 2.09673258 3.0009504
 0.94013773 2.3693417  1.16363302 1.58002783 2.45175082 2.46148626
 1.9247295  1.55999675 1.68096225 1.43456079 2.7207635  1.81813896
 1.63525747 1.97521009 1.38302375 1.30375929 1.65003351 2.28019268
 2.30060245 2.18032499 1.47313467 2.06137239 2.45503544 1.43595382
 1.48734653 1.80922863 2.06173669 1.19641255 2.34020361 1.97405914
 1.82258265 2.19187691 1.26430444 2.32976347 2.32194615 1.40216294
 1.26873404 2.83140162 0.89209859 2.56495688 1.77519218 2.45009273
 1.61777423 1.76157436 1.49386428 1.97063096 2.10325045 2.66159197
 1.47013751 1.32991543 1.65325509 3.16342859 1.81309465 1.89258682
 1.68600349 1.34749463 1.67338325 1.74443117 1.36753653 1.64246221
 1.88451002 2.82913401 2.01745199 1.17101028 1.78635873 2.17232634
 1.79436559 2.64206978 1.48005297 1.4352226  1.62457006 1.5823951
 1.32166576 3.11394008 2.34778604 1.81810032 1.48869031 1.78049995
 1.87584259 2.68044825 2.45230125 2.25685382 1.23927276 3.65244181
 1.81839769 3.95779592 1.59937625 1.29460897 2.6024685  1.75183521
 2.82436438 1.81465148 1.95607353 2.04528236 2.08611692 2.9964369
 2.05707558 2.51911049 1.38571111 2.26045285 2.89134821 1.46393488
 1.96265573 1.58997936 1.67553556 1.2781355  1.17097751 1.69580561
 1.34027692 2.36461734 1.71341696 1.87136511 1.99644367 2.03062866
 1.29294152 2.70677571 3.28972142 1.62555145 1.78993757 1.34478221
 2.34973269 2.14959432 1.60136922 1.93680733 2.41095784 1.61342055
 1.60637274 1.08424303 1.34138735 1.56083555 2.06034801 1.91999655
 2.4149908  1.68819108 2.05369312 1.77279927 2.29133713 2.85754369
 0.70885196 2.02781592 1.94834415 1.56166636 3.13073362 1.3504197
 2.21805778 2.26918945 2.16717607 1.58479551 1.45742289 1.93985324
 2.43987337 1.5318664  1.7377016  3.42655688 1.82914286 1.87160143
 1.82227602 1.90826725 1.76786645 2.15552831 1.83688423 3.00991619
 1.64606993 1.46179781 2.02450248 1.98531446 1.4492563  1.12484632
 2.17056295 2.06042099 1.36107024 1.58380594 2.41317964 1.8027788
 2.2845922  1.33390538 2.658768   2.49438989 2.31773054 1.19677846
 1.96183419 1.59660384 1.86236874 2.42045904 1.35252908 2.25758263
 3.20701377 1.90691272 2.04028522 2.69508273 1.61804293 1.47364135
 2.00868007 1.83046861 1.7785747  1.68564027 2.05615379 2.35359803
 1.90831841 1.60849165 1.96609086 0.83447381 3.2602806  1.39679798
 2.19019578 1.87620023 2.03226734 1.88020994 2.09714717 2.2671054
 2.2290474  1.02935937 2.01076372 1.86715067 1.35803363 1.33632513
 1.07893077 1.36757572 1.75691677 2.2824831  2.3559933  1.69904546
 1.72768593 2.04051034 1.77402344 1.73105528 1.73748848 2.73725198
 2.44878258 1.50449906 2.32990914 2.05293251 2.0039216  1.5515522
 2.49414439 0.88703472 2.10948476 1.83311051 1.75659621 1.92876108
 1.63979703 2.4143542  1.59240517 1.5109001  1.81744453 1.17101404
 2.16683532 1.8038302  2.32266213 1.50828606 1.35128037 1.28232054
 2.84450275 2.17509109 1.75710559 2.79799004 2.01597656 2.26971217
 1.75917838 1.5135504  1.48505352 2.71508597 1.45425757 1.94630443
 1.88360367 2.04160545 2.15268013 1.87148946 2.73615951 2.04835784
 1.36786265 1.51490687 2.2478201  2.01025869 1.40481377 1.55989565
 1.56754904 1.21886382 2.46909717 1.77305    2.17736892 1.70783357
 1.21009757 2.65466604 1.48005471 2.24098013 1.78386197 1.9126383
 3.33836565 2.05038793 2.0806196  3.02188684 2.3991692  1.48912698
 1.90313354 1.99442623 1.86467372 0.72787138 3.47543717 1.47876674
 2.42591039 0.87401471 2.11659224 1.3032072  2.16856976 0.97437325
 2.63031852 2.26210237 1.76866791 2.06831756 1.7461187  1.48462144
 2.02182443 1.49209778 1.70365823 2.13669455 1.31973603 2.41058447
 1.91348744 1.83150773 2.49922841 1.47746186 2.51238236 1.01997602
 1.40087752 3.40026261 1.64078834 2.50371613 1.89135127 1.59341308
 1.45793498 1.76588096 1.39090713 1.81618886 1.50130039 1.93732872
 1.77641804 2.64491247 2.39908081 1.15349007 1.88534662 2.8422235
 1.71110628 2.35797114 2.18645488 1.27034266 2.56050293 2.01695688
 2.97337137 1.90106918 1.65907842 1.56953852 0.94943125 2.21808323
 1.72201928 1.84617504 1.28895806 1.41927035 2.84629    2.50523305
 1.28902087 1.36296674 2.20471265 2.31299042 1.71635032 1.82294138
 1.36806711 1.44403417 2.15960491 2.41976826 1.97465471 0.83490955
 1.97606024 1.44048581 0.74663195 1.63815479 1.76678323 1.4838776
 1.05806691 1.60395346 1.12149973 1.72441635 1.6665063  2.08646675
 2.40852116 1.80916917 1.51352843 1.08703805 2.9008694  2.38988206
 1.72389689 2.36297512 2.09904328 1.31693068 2.31579839 1.57001957
 2.38017242 2.45946283 1.82093045 1.85638198 2.297461   1.67079219
 1.47751152 2.46903128 1.34202387 2.43850859 1.92467049 2.49984777
 3.22750245 1.45829145 1.87690229 1.37495792 1.684402   1.27572479
 1.79749449 2.65539296 1.69188319 1.51846165 1.49500989 1.31576796
 0.93533512 1.81490035 2.11072702 2.15309911 1.12129234 2.29155601
 1.47027259 1.92472657 2.73742208 1.97490847 2.29404501 1.19367585
 2.16408976 1.73786773 1.98695049 1.64884078 1.57950321 1.48102926
 2.12724223 2.65529141 1.57217807 2.9073363  2.40693609 1.88945794
 2.4744014  1.97014305 1.92727419 2.49105346 1.65052826 1.09344074
 1.92867509 2.33894646 1.73369788 1.66699932 1.66478602 2.63177476
 1.36759608 1.69777681 1.40981076 1.56623727 1.68795909 2.32351074
 1.36133912 1.16749717 2.72316073 2.54046565 1.79842657 1.03472335
 1.24524914 2.2422778  2.22722697 1.91249477 0.68421876 2.31767302
 0.84726588 1.91664223 1.83312199 2.389724   2.11131836 1.39561309
 2.20012261 2.22465607 2.21830851 2.16625325 1.85567328 1.88871209
 1.74820102 2.24348924 1.52718518 1.25573374 2.5330846  2.3939202
 1.36358429 0.96316063 1.567065   2.49573234 1.78674959 1.91879318
 1.69513305 2.91016305 1.70791488 2.20197135 1.83285779 1.94605659
 1.93995253 2.26830689 2.00477688 2.68754111 2.24902553 1.38622282
 2.95349082 2.34993963 1.51221283 3.05159081 2.16129793 2.1857912
 1.88970509 0.87144135 2.06726107 2.10100004 2.28261153 1.16547527
 1.22897175 1.58111507 1.47912831 1.49390455 2.24985384 2.0046166
 2.76665346 1.19111853 1.58909967 2.6516139  1.9553168  1.1385327
 2.30601091 2.51864403 1.4077041  1.13296383 1.1837632  1.46496921
 1.6793288  1.73687979 2.14688443 1.89217164 1.61437865 1.99983395
 2.56034741 1.53330819 1.90318349 2.20943705 1.52085554 2.90874932
 2.14040129 2.15199629 1.66124409 1.18298671 1.32178842 1.08541216
 1.94706949 1.47890964 1.9442319  2.39486079 2.28590131 3.10789453
 1.47733856 2.05899363 2.09384189 1.7536484  1.62149691 1.39449132
 2.05816995 2.89335205 2.26848945 1.08323586 1.98433876 1.5271443
 2.42071356 2.42668632 2.11908553 2.1270261  1.58075827 2.47064669
 1.0102533  2.29757304 1.5618715  1.79201257 0.94670658 1.63559695
 2.21207021 1.48971839 2.05663538 2.049055   1.69813513 1.20965611
 2.05440646 2.02078459 1.09027129 1.5894354  2.28480208 2.01096084
 1.64391966 2.74976278 1.18358397 1.97860368 1.91483412 2.61007782
 1.79753602 1.92667584 1.54584745 1.40335414 2.53547912 2.32972597
 1.98684298 1.8518383  1.26143376 2.49962055 1.86394158 0.77577742
 1.97834115 1.6921745  1.67076083 2.77856093 1.48231608 1.79180944
 1.19317134 2.30547184 1.88088865 2.31566201 1.71056714 1.99105123
 1.51045021 1.56923932 1.77538152 1.71867329 2.05449463 2.06449316
 1.83754822 2.91266777 2.40419236 2.90256128 1.79327615 1.61296118
 1.71476787 1.68689183 2.39643305 1.8794264  1.36754843 2.07427167
 2.51503266 1.58318146 1.46136214 1.78833726 2.02639124 1.62927072
 2.16676936 2.33997637 1.20826351 1.50594284 1.76479839 2.1523171
 2.48602362 2.0058849  2.01238126 1.566853   1.2000081  2.19421613
 2.30025465 2.01133034 2.21522826 1.75793512 2.11072973 1.90468814
 1.48863377 1.92949971 2.68436923 2.15199286 1.44688529 2.40090794
 2.28573901 2.6798009  1.99959491 1.55090542 1.50411024 1.24221237
 1.89269068 2.19279819 1.8577156  1.79928502 1.46457229 1.82253728
 1.81238382 1.96446447 1.99989179 1.92251384 1.51418912 1.08264931
 1.92520124 2.12821794 1.55077354 1.6657562  2.0504256  2.54546636
 1.61968691 1.95630081 1.1357736  0.86465806 1.51128357 0.84229254
 1.78373455 1.70454099 1.89015504 1.91006626 2.43797006 1.71129795
 2.07706835 2.14175943 1.5023284  1.49034589 1.67487274 1.15888895
 1.35466235 1.94533951 1.45032228 2.07836766 1.32385378 1.61497956
 1.74303965 2.45092259 1.41118782 2.50391701 2.74780528 0.94902953
 1.4579857  1.8599047  1.5168434  1.88737989 1.51829844 2.34611999
 1.62359106 1.94653742 1.58170807 1.32595114 1.57282513 1.33079246
 0.8833044  1.64389862 1.35477115 1.10990795 1.28099336 1.44746175
 1.28593272 2.24927673 1.73117327 1.63444325 1.1844881  1.35792642
 1.63888671 2.66443156 1.82647116 1.82201076 1.65597857 1.78552856
 1.55202882 2.12601213 1.92691656 1.45754665 1.49021854 2.02349905
 1.09321436 1.32665964 1.51579226 1.87402208 1.61186443 1.36763357
 1.1800455  0.818479   1.40063048 1.63556545]16.5161527178470950.0glycine
[[0.88114513 0.23582467 0.2214511  4.5540436  1.3477798  1.10422802
  0.55758272 3.323219   4.15392604 4.73408674 0.4886164  0.31623983
  0.37486848 4.53974652 1.6535116  3.61357369 2.76714451 5.80360928
  4.16717545 3.99900815 3.29276423]][[-2.50922804  1.93008654  1.13483289 ...  0.50770733 -1.09429132
  -0.52896013]
 [ 0.91955146  0.98520303  0.79926761 ...  0.09296229  0.1512155
   0.9782518 ]
 [-0.04025863 -0.74074202 -0.15876885 ... -0.80417813 -0.78577681
  -2.05531805]
 ...
 [-1.85305973  0.48677301  0.48292416 ...  0.38209779 -0.85773498
  -0.58705402]
 [ 0.98026386 -0.70494637 -0.67938244 ... -0.31763485 -0.98492762
  -0.12833414]
 [-1.47506736  0.96910472 -0.48586288 ...  1.48325686  0.73823455
   0.89678986]][2.34520322 1.87856935 2.00465877 1.66286993 1.96124864 2.17765787
 2.02078789 2.08741066 2.09335844 1.95719841 1.08957558 1.85610769
 2.17018594 1.84108098 2.07586437 1.47942899 1.9920607  1.62905297
 2.49270214 1.26796512 2.25162248 1.70247081 1.7061715  2.09484827
 1.90219281 3.06560494 1.52383213 1.51647685 2.157306   2.14563071
 1.29173919 2.88514412 3.07556652 2.25717113 2.27933923 2.19255998
 1.09300172 2.71925691 1.30848844 1.58347091 1.70987018 2.19016647
 2.22307123 2.42396119 2.20464956 2.39846708 1.47074822 1.60110021
 1.49057333 1.88763069 1.70048117 1.79841531 2.12888772 1.15501872
 1.79793642 1.04082221 1.46368615 1.85350117 1.30683248 2.05080274
 1.38137849 1.43349146 2.4437709  2.0287674  2.11533713 2.18593014
 1.72605157 2.53150152 1.62009239 2.23350678 2.17298353 1.79585154
 1.76084313 2.00029605 2.75266878 3.88848617 3.56940292 2.80587376
 1.91588166 2.1137871  2.78500897 1.35816787 2.04704233 1.91762431
 1.76177543 1.70361449 2.65768483 1.54206679 2.48733869 2.83479403
 1.02942349 1.61669635 2.33401494 2.00808533 2.26234233 1.8904791
 2.68196765 2.43089016 1.5310889  1.42526021 0.93595178 3.02170656
 1.17041496 3.02042175 1.69458334 1.98381709 2.94375986 2.09088081
 1.23388697 2.39059098 0.8815322  1.85725428 2.80386659 1.7601197
 2.00332364 2.24675105 2.29351311 2.77579204 1.82584347 1.53560306
 2.67262234 1.03840013 2.11283563 1.76274912 2.0074655  1.64670356
 2.55598298 1.84419563 2.32082473 2.05285011 1.61559598 1.05805899
 1.96057561 1.25275518 2.00467058 1.74154471 1.27912388 1.46835969
 1.63780261 1.49965245 1.34581023 2.11621187 1.52100094 2.08470197
 3.32311171 1.87171334 1.5751375  2.19933179 2.0200616  2.74812699
 2.13155616 1.73979905 1.38270824 1.64315145 0.98179418 1.25864761
 1.75243158 1.45898847 2.08566185 1.6191538  1.3294253  1.84248458
 2.20572129 2.80523317 1.21877009 2.2737689  1.40899102 1.66992057
 2.44789394 1.9609496  2.51492613 2.1150566  2.01425079 2.96573581
 1.84050159 1.96667742 2.03197487 2.00230957 1.62473034 1.67331639
 2.06392296 1.048792   1.50006049 0.85462686 1.59027879 1.66645033
 1.96127441 1.59924909 2.85467504 2.29131628 2.9299679  2.31360197
 1.84032653 1.30148703 1.45294927 1.35042378 1.10201038 2.12619699
 1.96180285 1.95518998 1.88411062 2.89821694 2.51083986 0.95996601
 2.47143534 1.57217409 1.33216318 2.02117048 1.64374068 2.63221208
 2.24931564 2.51138261 1.62587537 2.07725367 1.91586072 0.66964015
 2.11734614 2.3533064  0.91564871 1.96994854 2.7292597  2.34583626
 1.91998579 2.67831122 3.3517065  2.36761173 1.33479013 1.93409103
 1.63429204 2.55887723 1.79343568 1.74057038 1.58985363 1.46033563
 2.4634509  1.85830112 2.5849606  1.2410599  1.62019452 1.86178802
 1.95217846 1.70105821 0.8941612  2.60210191 1.53573746 1.2608861
 2.11381077 2.28686283 1.2344327  2.15821018 2.55688944 1.68296543
 1.30773218 2.60284741 2.61571387 1.32415845 2.56996673 1.81287338
 1.98100206 1.3934117  2.77926703 2.1819557  2.4745369  2.57437284
 1.82538829 2.10432435 2.4086851  2.40706914 2.46619468 3.07965067
 2.34881015 2.41814975 2.18088666 2.21324833 1.29003808 1.13678779
 1.94907961 1.91744823 1.87713263 1.53911077 1.92173829 1.40564149
 1.74984481 1.93051735 1.54455486 1.9653717  2.53054453 1.49604361
 2.11144408 1.55045989 1.6006936  2.69396716 1.47233223 2.45783702
 1.90834145 2.47661533 2.09401115 1.8511824  2.15897859 1.85787641
 2.45535199 1.28943624 1.33362164 1.74190323 2.66740011 1.81906326
 2.60479285 1.65281873 1.55494899 1.79644704 1.41802398 1.66281826
 1.9547235  1.01998452 1.43865976 1.23690724 1.48962864 1.81984931
 3.57444516 2.15093743 1.78013007 1.93301257 2.18233089 2.04866459
 1.74492907 2.53444424 1.18907872 2.71964814 1.88287187 2.01410489
 2.32883983 1.51383722 1.68065001 1.81930659 1.86280541 2.14430489
 1.91825382 2.65303132 1.72676485 1.7132165  1.90252333 1.58851634
 1.98537281 1.18967111 0.92387247 1.71603886 1.90099833 1.71876685
 1.85979765 1.65465456 2.56149452 2.21147814 1.97510083 1.80216071
 1.35605587 2.12990787 2.42856852 1.71908175 2.2093769  1.17606366
 1.16008564 0.97237635 2.8231942  1.39534817 1.82799817 1.76432741
 1.52558319 1.92866887 1.86958558 1.72446575 1.82817514 1.58156991
 2.58191946 2.19603255 1.70683708 1.54919669 1.16875755 1.69511824
 1.27632914 2.10239426 1.166311   2.04796336 1.3431914  1.99096943
 2.7754109  1.70095769 1.43487633 1.53147189 1.12993976 2.1859073
 1.98936019 2.09251185 2.02853702 0.97742899 2.84364242 1.85390866
 1.68557842 2.75692146 1.50704396 1.46285998 1.5145732  1.52628831
 1.50680819 2.26112109 2.95689218 2.03080127 1.90960287 1.46791844
 1.5849651  2.01969827 1.67614843 1.77102749 2.17722126 2.14496893
 2.80569947 1.40170703 2.25855027 2.07758945 2.29815316 2.03462345
 1.54783887 1.32605515 2.71188367 1.45775042 1.15619939 2.50991837
 2.28052541 1.45887641 1.516292   1.74710917 2.92352192 2.48019672
 1.82200666 1.81370542 2.61219877 1.7620916  1.56020067 1.69371185
 1.18198617 1.36190191 1.21510107 1.15301615 2.27649315 1.03697171
 1.80379899 2.99419366 2.32059623 2.02509125 1.28097262 1.87455211
 1.89436021 1.54972239 2.36344287 2.12440632 3.69222538 1.26488954
 1.50692263 1.77071821 2.30918107 2.48947264 1.46962489 1.430143
 1.80755383 2.46147434 2.11823558 1.43178922 1.35539624 1.36126433
 2.36666117 1.66343071 2.17560249 1.31704223 1.59619539 2.36886281
 2.11411527 0.79727431 1.95492939 1.36686778 2.14413874 1.37396541
 2.03652552 1.05026402 1.98420067 2.3560418  3.25139137 1.76322788
 1.9894698  1.18096825 1.9189039  2.20913287 1.94999243 2.69635109
 1.50817807 1.55477853 1.4987066  1.59291945 2.33161092 1.78748748
 2.80344894 2.28306741 1.83078066 2.5415135  0.95201094 1.99454576
 2.26990442 3.2473379  1.64133141 2.15312696 1.82125814 2.81693385
 1.44385842 1.60186113 2.57878943 1.84555838 1.50415589 2.47375039
 2.70684228 1.37785667 1.40683176 2.53410154 1.79624932 2.09052636
 1.75323535 1.94725498 1.62283023 2.03970005 1.62166084 1.41821338
 1.71354326 2.1332051  1.32991574 1.67949888 2.2558774  1.42361953
 1.353414   1.81131576 1.98744817 2.37162726 1.61844796 2.30476784
 1.8086537  1.57132972 1.70049731 2.23805092 1.69762672 2.7294996
 2.72575988 1.56475844 1.85747698 2.20146911 2.34281709 2.06773721
 1.6857521  2.41934288 1.76839191 2.24917066 1.69284854 2.12376784
 1.97105424 1.82739613 2.08590021 1.52170517 1.09587271 1.63186881
 1.39844811 1.28551041 1.66514344 1.52863038 1.66085994 1.54758659
 1.10974761 2.10932295 1.3195443  1.74835328 2.07766827 1.99354707
 1.50716987 0.96710364 1.58585965 1.52143491 1.40154897 1.43146339
 1.06693186 2.5823574  2.39526488 1.15844026 2.50815409 2.34706076
 2.57772367 1.18510901 0.78678308 1.88614109 2.29013695 2.06264615
 2.66118346 2.78574451 2.07640554 1.42462145 3.0017244  2.01519796
 2.08370002 1.72464593 1.3729105  1.75773675 1.91883982 1.89900542
 1.46469816 2.32307836 2.57320728 2.13419098 2.82868834 2.1513808
 2.23001679 1.34671065 1.20133646 2.5858379  2.14016979 3.34418883
 1.97515294 1.92285785 2.16488525 0.70314921 3.84145282 1.79575116
 1.89247296 2.50803452 2.67868846 1.26238349 1.09236545 1.76036359
 3.27255695 2.06071395 2.06235721 1.71073884 3.00397911 2.33545918
 1.66828268 1.79905051 1.42921041 1.88957397 1.23300148 1.60052052
 1.57185407 2.01692563 1.20773466 1.46943757 2.76631234 1.57991184
 1.36526466 2.42416933 1.59116296 1.993703   2.16808417 1.97946205
 1.69557135 1.3321476  2.09348456 1.53689021 2.01983576 0.66800126
 2.45785079 1.71606845 2.45587649 1.77552945 1.03623646 1.90926411
 1.52458895 2.1118766  2.00991746 1.12938903 1.34179659 1.61486592
 2.11939938 1.8697892  2.130718   1.03445931 1.44352439 2.40723713
 2.1927964  2.35059058 3.19279688 1.39765643 2.32211888 2.04976086
 2.11544945 2.14165805 1.70699316 1.67133056 2.32975646 1.99650758
 1.12507603 1.95911833 2.2890514  3.30664585 1.34437221 2.28229046
 2.47342141 2.09365211 1.74477287 2.65718187 1.42260207 1.66040074
 2.09349715 1.47354809 1.81221428 2.76576763 1.3160188  2.09195134
 2.09159893 1.22388432 1.74719774 2.30606686 2.40037665 1.60348866
 1.64014512 1.74385131 1.89651258 1.14850038 2.23994413 1.34454341
 1.72839489 1.86218823 1.49662973 2.28848517 3.45433519 3.36631972
 1.99464934 1.30981556 1.60996268 1.40817731 1.48722033 2.14324893
 1.41770628 1.77576466 1.9918895  0.96716677 1.30761746 1.49265101
 2.85012817 2.31167344 0.91286147 0.86049083 1.92957896 2.53905852
 1.86652317 2.16278541 2.11860053 1.87098694 1.2559547  3.11648204
 1.28991398 1.65705979 1.46445506 2.28388242 2.62774439 1.67760277
 1.93715032 2.9944475  1.18277875 1.43408616 1.62685798 1.77125256
 1.68534227 2.37648666 1.96053973 2.27636719 2.5762078  1.70936319
 1.51267164 1.57789702 2.175828   1.8265583  2.3332729  1.90487673
 2.47818026 1.81229966 1.83755378 2.19987885 1.4994706  1.95334326
 1.75524567 2.10626956 1.34863655 1.21874603 2.18750641 1.83758691
 1.75116037 1.98622697 2.13536957 1.73387772 1.3978531  2.14525747
 2.18328976 2.5896679  2.30244548 2.09183717 1.53177184 2.35900191
 2.3819246  2.20920758 0.9599562  2.42126917 1.55835443 1.82514622
 1.51024702 1.40763473 1.67796324 1.38049841 2.4787797  1.824025
 1.87451147 2.63886282 1.8415553  1.53950807 1.63536414 2.36479454
 1.30935081 2.24273172 1.38710139 1.80953996 1.82130356 1.92396883
 0.90949431 2.35932045 2.52550229 2.39769532 3.44276237 1.01546594
 1.85593735 2.57836144 1.45113548 2.18803113 1.80996533 1.90886379
 1.54077293 2.11033321 1.50325697 1.27554779 1.75124146 1.66984697
 1.8322409  2.67732041 1.63146569 1.60550621 2.14098594 2.46594622
 1.39440872 1.3032541  1.63609073 2.27069458 1.07772911 1.32809093
 2.06831024 1.88701307 2.93912045 2.17136344 0.98374079 2.28089378
 1.82118862 1.55227754 0.84939674 2.70291152 1.45962152 1.93242608
 2.56162746 1.87073499 1.68122319 2.07078162 1.24171561 2.15939469
 1.46172124 3.24982232 2.15734918 1.91069822 1.88707655 1.71394427
 1.1503909  1.78696223 2.10613584 1.35410509 1.97086844 1.85049409
 1.8017438  1.89322063 1.44440048 1.44678421 2.37964945 2.84876464
 1.70719677 1.51006989 2.04618526 1.05194439 3.09475635 1.75126002
 1.95271941 2.05227933 2.57465658 2.35123086 1.12570448 1.91586352
 3.10459547 1.51364094 1.76365478 1.87402069 2.70601145 1.16349953
 1.67044609 1.28570221 1.72979546 2.40372489 2.75229185 1.8527201
 1.70909982 1.94208833 2.24589287 2.41615141 1.5803849  2.51509786
 2.2877541  2.0655465  1.40560751 1.62359136 1.43540479 1.2590813
 1.52018178 1.13666033 1.71422488 1.84932345 1.82381869 2.57714261
 1.5229167  2.42885612 1.80318113 1.82217279 1.58588645 2.28177357
 2.20815825 1.69848422 2.802165   2.22705207 2.1007638  2.64011071
 1.34940038 2.25422226 1.64923903 2.37410313 2.12292096 1.50689538
 1.20353228 2.36753223 1.35712836 2.3833122  1.72907846 2.11525322
 2.30453619 2.87128394 1.56676237 0.94351984 1.50288451 1.39322209
 0.90055876 1.67490627 1.72983562 1.7643213  2.20917773 2.61505213
 2.01794847 1.63497316 1.8390427  2.14576507 1.93165641 1.44696931
 1.44213998 2.83308135 2.70722591 1.78993612 1.6762434  1.89626125
 2.13570242 1.26109023 1.45956787 1.74447938 2.09973028 1.78339482
 1.83791032 3.03855205 1.68587032 2.17641365 1.65281263 1.98489574
 2.42897287 1.13804207 2.77755199 1.53448397 3.06925568 1.27372217
 1.7078881  1.41257175 1.45591103 2.31716804]5.8036092827754533.0753177782116836e-14Trimethylamine N-oxide
[[0.67147381 2.49155601 0.92190961 3.77808514 0.34538919 0.70681582
  1.46880336 2.45926253 1.33347199 0.62407894 1.6297364  1.79307454
  0.98073035 2.68639383 3.7545617  2.55257405 2.57060557 3.46158072
  2.11048715 2.54815265 0.63415129]][[ 0.9351679  -0.56102497 -2.11028219 ... -0.32339926  1.26357578
  -1.08599449]
 [-3.4410538  -0.07536875 -1.10344079 ...  0.06341717  0.39972519
  -0.84903364]
 [ 0.31264007  0.97579213  1.29760579 ...  0.56658897  0.25252519
   0.3796516 ]
 ...
 [ 1.87219142 -3.17239603 -0.12394955 ...  1.85288981  0.19119579
   0.18018618]
 [ 0.29059455  0.93554038  0.52054142 ...  0.76944468  0.57209776
   1.12002626]
 [-1.91268222  1.3484773  -0.3091393  ... -0.27519008  0.2823085
  -0.64027964]][1.66649339 0.73871646 1.29760579 1.98182996 2.08244286 1.04536992
 1.11355079 2.36779171 2.47981098 2.05125424 2.42548165 2.29112168
 1.69174139 1.55716215 1.20059323 1.56674974 1.52235762 2.36265241
 1.58848477 1.44758213 2.08483268 2.22727239 2.91203736 2.08208271
 1.72334375 1.819245   1.85994023 2.76072103 2.82589049 2.10561949
 1.58519457 1.30408776 0.76007759 1.29189692 1.55549016 2.23490155
 2.68868985 2.59446819 2.70370722 1.52506741 1.84216353 1.02399956
 2.93825071 2.01447023 2.3970229  3.42053758 1.01412926 2.06286859
 2.44011191 2.7382895  2.34931872 2.53359532 2.66571991 1.84123864
 2.55065523 2.06559429 1.15452006 1.8321161  2.73479892 1.71907284
 1.88843317 2.98193087 2.1690635  1.72589314 2.382905   2.0083348
 2.05606068 2.07160892 2.54984634 2.25276715 2.06390091 2.86332748
 4.33498829 1.65386398 2.24893268 1.36596295 2.27745192 2.4235242
 1.88120865 2.5293303  1.54651758 1.69655859 3.42764134 1.14437684
 2.0727009  2.39955765 1.91128895 1.48198131 1.3525226  2.25684039
 2.45695254 1.92660882 1.9718669  2.1142888  1.36298899 1.88568454
 1.86932804 2.05489864 1.2334707  2.28135576 1.07802124 1.32726178
 1.73795262 3.04233765 2.83132893 1.79778605 1.61042516 1.83792329
 1.57448294 2.52305016 1.74660956 2.11234216 1.67389121 1.97156504
 1.28258417 1.84752291 1.96358725 1.46915299 1.88170435 2.10357079
 1.82540198 1.50035698 1.40841873 1.77143347 2.57905786 2.71173613
 1.69341809 1.92095221 2.30437157 2.41688234 1.61954262 1.68369409
 1.70894927 1.91272165 1.48812207 2.09625645 3.19566116 2.39512186
 2.2886574  2.40686849 2.06104075 1.67968278 1.98186867 1.85223932
 1.85128901 1.59476295 1.92404054 2.025941   1.61555721 1.06200352
 0.99839706 1.71873088 1.70140194 1.67136863 2.2537414  1.26703297
 1.98317248 1.57152527 1.91992685 1.75817188 1.11042533 2.69240954
 1.64029415 2.55377928 2.61818688 2.25876246 1.35463149 1.76168187
 2.4412649  1.26996392 1.11144162 2.03074185 1.91054692 1.98963536
 1.46482449 2.1189985  2.20692721 1.79569457 1.53001423 1.76018472
 1.34443347 2.70466994 1.7998614  2.21758047 2.08353608 3.12117984
 2.4005403  1.71151059 2.04054625 2.78939158 1.65695275 1.37210951
 2.21301829 0.87507602 2.3131656  1.9419201  1.60832334 1.90542389
 1.58756821 2.48860983 1.83018977 1.48843891 1.4700966  1.93577427
 1.63454757 1.81980748 1.63022364 0.88895895 1.91307294 2.06527939
 2.59054774 1.66290333 1.17588341 1.49900951 1.53783915 1.50480658
 2.14871439 2.1364968  1.45387975 2.49434693 1.21302886 1.74597914
 1.89865136 1.62056049 2.66219827 2.09544025 1.4731474  1.60129944
 2.0261161  1.82222583 1.69060582 1.48697924 2.71203093 2.5630589
 2.97642618 1.82265634 1.69084181 1.64918817 2.64791471 1.92492981
 2.12002609 3.19955856 1.44789195 2.61518669 2.6151797  0.98439571
 1.25178188 1.95104494 2.64298962 1.34207277 2.18047941 1.22973635
 2.71867821 2.33699906 1.55816512 2.31969423 1.20184039 1.1649319
 1.87233444 1.20144031 1.79975139 1.67955035 2.02393042 2.02240904
 1.85218003 2.54424513 1.76157372 1.18056535 2.16126847 1.89264584
 1.6556442  2.01343953 1.36090521 1.80558147 1.76214403 2.15175401
 1.55201661 2.01454806 1.69878171 2.34078411 2.126744   0.93112362
 2.4343961  2.06701703 1.7841616  2.99093123 3.1499843  1.59825639
 1.5851293  2.25282085 1.06602327 1.83072081 1.28199182 2.11565881
 2.02177112 1.36627433 1.56152983 1.50292306 1.78089456 2.2643592
 2.20161013 2.80271349 2.52590971 1.55416222 2.06126953 2.28017802
 1.88945805 2.83246015 2.16202577 2.16952068 1.78828636 1.46155883
 1.40262812 2.08339081 2.25115465 2.57717463 2.64455628 2.04977993
 1.81918406 1.71759701 1.86429862 2.45477257 2.12178003 1.20160953
 1.03191311 1.97218235 1.61809774 1.73493658 1.31352427 1.68640034
 1.5930318  3.04886979 1.16333327 2.15479221 1.93762606 3.65824189
 2.02356884 2.44480625 2.46495929 2.06203083 1.13623474 2.43027866
 1.74608227 1.13998597 2.13830774 2.33561701 1.40666972 1.7247545
 2.36605356 1.63100648 1.45722883 1.5778713  0.92835059 1.49490713
 1.44437051 2.10726262 1.8237162  2.35158389 1.83617324 2.46514526
 1.63164328 1.94423813 2.83117438 1.90233723 2.0918392  2.37223001
 2.20665483 2.44739572 1.49514412 1.50049202 2.11638738 1.85264644
 1.49872424 2.24560435 1.37710261 1.50350856 1.47942923 2.63540122
 1.25331057 2.88111878 1.6399238  2.24279231 2.69845311 2.08264484
 1.27537792 1.48449974 1.54881534 1.50965446 1.27687383 1.87791302
 2.27291735 1.48109325 2.55287331 2.08730135 2.0161115  2.22785524
 3.36594557 1.61185692 1.6352811  1.97125009 1.47206111 2.58723967
 1.81660684 1.0484243  2.61288979 2.02801851 1.77561519 1.77454688
 1.09154176 1.6358596  1.16931565 1.39853495 1.01951159 2.43078828
 1.76455031 0.95506121 2.60890818 1.45997471 2.53704482 1.9554145
 1.9300756  2.5609268  2.67479922 1.1625415  1.49228472 2.51864967
 2.15576992 1.91060984 1.00412024 1.47597999 2.07715923 1.62756183
 3.14082754 1.51018892 1.77535245 1.71543245 1.71933719 2.0492968
 1.8407678  2.52137385 1.83939637 1.47182554 2.41002989 2.13822512
 2.04275237 1.59016414 1.21060618 1.65121434 2.02451184 2.46822441
 1.7999876  1.07497956 1.10739016 2.05844929 2.67561017 2.22793755
 0.72134631 1.44820984 1.65237834 2.21121458 2.09417271 1.60754765
 1.96950846 1.8090838  1.88684396 2.15285135 2.54819684 1.86580839
 2.11491028 2.1768585  1.4422444  2.5520033  1.9170288  1.33635072
 3.00779523 1.43566925 2.60976343 2.96607109 1.49012411 1.09036413
 1.89897842 2.38386788 1.99409798 2.63214756 2.99771784 1.80367054
 1.96374601 1.03996731 2.45330643 2.60402933 2.70113164 1.97614232
 1.96084911 2.34796647 3.45827276 2.35669338 1.94762941 2.8279113
 2.8543309  1.27311392 2.10946179 1.49813412 1.95807763 1.38120002
 1.49195052 2.07421849 2.00899161 1.54112359 2.14222186 1.62841234
 1.80402997 2.39348957 2.66303542 1.46672524 2.2960902  1.50406672
 1.60913011 2.16465825 2.21598432 3.35389287 1.85179844 1.38537145
 1.33224523 1.36465665 1.48479201 1.8955346  1.83211909 2.6242103
 1.97643168 1.4841208  1.92753801 1.06178737 2.69661099 1.57208496
 1.52749546 2.67593213 2.41863412 2.67708492 1.96410913 1.32325977
 1.32876569 1.47077883 1.1096939  0.87551785 1.58587137 2.90187064
 1.96502217 1.94940163 2.65921654 1.58276082 2.40819526 1.96934611
 1.59206838 1.29388476 1.34715705 1.33828424 3.34933575 1.81390303
 1.51063459 1.86519904 2.33189791 1.45657387 0.9937648  1.43647272
 1.77856361 1.88973489 2.64800326 1.81312852 1.83501672 2.23004403
 1.59253301 2.71393414 1.85579076 2.18168472 1.75853137 1.65087391
 1.25287227 2.27646884 3.29911959 1.12287986 1.8636907  1.54443141
 1.70854022 1.49921165 2.43623004 1.18392633 1.54157187 2.39749307
 1.40237766 1.61939019 1.92679899 1.21818677 0.91297891 1.29175814
 1.75049968 1.78236079 1.71056506 0.77226842 1.77331935 2.23640196
 1.16919078 2.17909431 2.05741872 1.36642578 3.95518387 2.44297478
 1.78163554 1.16230559 2.02533062 2.96437163 1.76734252 1.95055794
 1.70274052 1.81755463 2.21532563 1.01242504 2.5885866  2.05185199
 2.1796291  2.94815155 2.40714322 2.33080759 2.29774819 2.0058558
 1.93683889 1.90731448 1.74746311 1.36380603 2.22732074 1.57372731
 1.97066983 1.78797501 2.1652441  1.7473023  1.86126815 2.08928108
 1.75907468 1.81329621 1.96151649 1.76033425 2.27575261 2.03371799
 2.36795383 0.96812533 1.44508389 1.78771924 1.42603973 2.30128694
 1.57525903 2.2237807  1.44875215 1.94199506 2.06026489 2.51610699
 2.08870669 2.45278277 2.03897453 1.61307401 2.08342839 1.38016058
 1.78129768 2.18331433 1.92229484 0.94202992 2.47392633 2.41681858
 2.3837325  1.27934519 1.91804936 3.99441924 1.44713641 1.78880422
 2.75806786 2.18483781 1.69873951 0.52276774 1.53849926 1.43797191
 1.51214211 1.60050323 2.74463538 1.97156689 2.00520664 1.0541333
 1.84096674 1.63882594 1.54807412 3.21411078 1.27432518 1.70698854
 1.4149473  1.94277359 1.78253015 1.18960405 1.81949197 1.75335432
 1.72368555 1.43695648 1.29507334 1.66635565 1.59869249 2.15469748
 1.49725097 2.10955617 2.19756166 1.68025687 1.30113776 2.49272642
 1.46888881 1.90493557 2.19820065 1.64120469 1.93284371 1.64627084
 2.14723866 2.14478989 1.82654665 1.40414649 2.54742734 2.53212142
 1.56890322 1.4495965  2.15104204 1.28490022 2.20932404 1.99679015
 2.51717028 2.25503717 2.12446048 2.39020912 1.64523029 1.8811298
 2.20302381 2.10182236 2.12429156 1.65181842 2.35186989 1.20922394
 1.5452708  2.38934161 2.04626674 2.22246372 1.73463189 1.56171408
 1.77953054 2.23766403 3.21105272 1.69322737 2.03547722 1.10016407
 2.66093371 1.80563152 2.49141298 2.13631739 2.23585486 2.02838555
 2.45626241 1.82743009 2.63755875 2.02939409 1.7428495  2.10632632
 1.91320331 2.41986082 1.98907099 2.21576674 1.26218219 2.06804919
 1.83881636 1.87234454 2.12047815 1.66879194 1.87273261 3.51185437
 2.47256901 1.45938731 2.28368735 2.91389505 2.37101923 0.6307705
 2.32754108 1.60592531 1.63228503 1.6975488  1.71677609 1.85343871
 1.7891748  1.91330208 1.6924322  1.45353767 1.06667239 1.88503842
 1.78871396 1.17859706 1.33612428 1.53690814 3.74770225 1.62102871
 1.64991505 1.4904736  1.35413481 2.46385997 1.18513632 1.68888733
 3.45095698 1.52051878 1.33984174 3.09298816 1.93871428 1.91033577
 1.66666976 2.1183144  1.83787028 1.66807814 3.33534274 1.69447656
 1.28577497 1.78525173 1.1600986  1.46391106 1.21139822 1.22128083
 2.25057511 1.71611749 1.48565404 1.44936054 1.74546998 1.82028593
 1.28291463 2.95978853 3.14134628 1.91531599 2.24295015 1.61576193
 1.49263577 2.07809348 2.38410147 1.58801958 2.39748386 1.70053711
 1.820373   1.4108948  2.4408388  1.15860871 2.64819862 1.77370016
 0.95127094 1.92346233 2.23771618 2.14283121 2.08485836 1.14012021
 1.53638103 1.82233896 2.32274206 1.85614594 1.66759517 2.44671052
 1.89329901 1.3085413  1.95976716 1.63653387 2.07627367 2.24028294
 2.93935386 1.97899754 2.08671707 1.6127206  1.88949151 2.63048946
 1.97080322 1.33994598 1.85380288 1.96115143 0.78314119 0.99173864
 1.77360069 2.23521462 1.55820046 1.38687341 1.62823394 1.68573537
 1.46787452 2.09115228 1.59430507 1.13766661 2.70643749 2.19538045
 1.99463328 1.21446006 1.36718822 2.03112797 1.59211981 2.3381089
 1.48329093 2.05113926 1.42587661 2.09278205 1.88872478 1.67208729
 1.55763688 2.93262964 1.36371027 1.775336   2.33764539 1.99412913
 1.36290293 1.78243783 1.37833963 1.98179697 2.04428998 1.67149625
 1.45060382 1.70313072 1.43276153 0.87218746 2.37836609 2.17522319
 1.77624538 1.8911085  1.03919259 2.1304877  1.82419123 0.46552166
 1.50805048 1.9268167  1.94745392 1.51835794 2.12968076 2.09504782
 1.56824326 2.04195149 2.43570466 1.3361059  1.58533445 1.62277653
 1.83457951 2.05785151 2.27925465 1.61792834 2.30835105 1.98930399
 1.24959159 1.63571422 1.93758432 1.80922521 1.42237801 2.1320055
 1.61979606 2.42074772 2.31274398 0.84909156 2.31997565 1.65602406
 1.33630869 1.69785538 1.93636137 1.77957605 2.04052295 1.33721048
 1.78485632 0.45577443 1.59157983 1.93124994 2.34896363 2.00212659
 1.56662943 1.99287803 2.05237376 2.62226152 1.39386657 1.32434053
 1.54002306 1.18072062 1.2744291  1.50519407 2.42777547 1.70066334
 1.14321902 3.59982056 1.60021696 1.34892727 1.00191529 1.77991786
 1.691831   1.6689398  0.80666852 1.9873706  2.32418507 1.23757333
 2.32199416 1.88107166 1.27752111 2.5059117  2.02730331 1.36900707
 1.06493435 1.87219142 2.57958032 1.91903717]3.77808514124080870.00018998184995533407Glycocholic acid
